instances/TSP/pr76.txt	1.0	0.5	0.2	112282.94122195964	0.279
instances/TSP/pr76.txt	1.0	0.5	0.2	107597.84721563036	0.143
instances/TSP/pr76.txt	1.0	0.5	0.2	116245.08994168846	0.142
instances/TSP/pr76.txt	1.0	0.5	0.2	114056.3257795018	0.111
instances/TSP/pr76.txt	1.0	0.5	0.2	116492.14131170539	0.13
instances/TSP/pr76.txt	1.0	0.5	0.2	129239.18049591104	0.115
instances/TSP/pr76.txt	1.0	0.5	0.2	97675.91759784748	0.116
instances/TSP/pr76.txt	1.0	0.5	0.2	112215.42052695632	0.119
instances/TSP/pr76.txt	1.0	0.5	0.2	111354.30850530537	0.146
instances/TSP/pr76.txt	1.0	0.5	0.2	109465.32110738139	0.139
instances/TSP/pr76.txt	1.0	0.5	0.2	104745.38415723147	0.131
instances/TSP/pr76.txt	1.0	0.5	0.2	123453.49800709318	0.133
instances/TSP/pr76.txt	1.0	0.5	0.2	113915.41157392584	0.142
instances/TSP/pr76.txt	1.0	0.5	0.2	108407.63869337384	0.132
instances/TSP/pr76.txt	1.0	0.5	0.2	101054.8535340545	0.13
instances/TSP/pr76.txt	1.0	0.5	0.2	118634.13455342742	0.112
instances/TSP/pr76.txt	1.0	0.5	0.2	86756.39004853308	0.12
instances/TSP/pr76.txt	1.0	0.5	0.2	110115.00675275306	0.124
instances/TSP/pr76.txt	1.0	0.5	0.2	92727.71869129076	0.123
instances/TSP/pr76.txt	1.0	0.5	0.2	105008.78542304957	0.114
instances/TSP/pr76.txt	1.0	0.5	0.2	118745.05891925251	0.116
instances/TSP/pr76.txt	1.0	0.5	0.2	105371.44439051737	0.115
instances/TSP/pr76.txt	1.0	0.5	0.2	92852.45350723575	0.121
instances/TSP/pr76.txt	1.0	0.5	0.2	109716.90423576778	0.125
instances/TSP/pr76.txt	1.0	0.5	0.2	90906.86085458961	0.115
instances/TSP/pr76.txt	1.0	0.5	0.2	129884.77552976766	0.111
instances/TSP/pr76.txt	1.0	0.5	0.2	90318.47278020503	0.114
instances/TSP/pr76.txt	1.0	0.5	0.2	102951.59285018257	0.117
instances/TSP/pr76.txt	1.0	0.5	0.2	139384.07647597784	0.114
instances/TSP/pr76.txt	1.0	0.5	0.2	89534.55587491485	0.113
instances/TSP/pr76.txt	1.0	0.5	0.2	110267.75042606669	0.277
instances/TSP/pr76.txt	1.0	0.5	0.2	116833.22675776514	0.173
instances/TSP/pr76.txt	1.0	0.5	0.2	108525.28546692329	0.144
instances/TSP/pr76.txt	1.0	0.5	0.2	77865.93989289801	0.136
instances/TSP/pr76.txt	1.0	0.5	0.2	112769.0811910491	0.134
instances/TSP/pr76.txt	1.0	0.5	0.2	100992.31715983481	0.127
instances/TSP/pr76.txt	1.0	0.5	0.2	134923.1677851564	0.128
instances/TSP/pr76.txt	1.0	0.5	0.2	112200.01740600812	0.128
instances/TSP/pr76.txt	1.0	0.5	0.2	123466.41612333339	0.121
instances/TSP/pr76.txt	1.0	0.5	0.2	104043.0569984999	0.132
instances/TSP/pr76.txt	1.0	0.5	0.2	117289.7209413015	0.133
instances/TSP/pr76.txt	1.0	0.5	0.2	120709.54902499486	0.129
instances/TSP/pr76.txt	1.0	0.5	0.2	95425.44039787694	0.122
instances/TSP/pr76.txt	1.0	0.5	0.2	99829.4663764673	0.128
instances/TSP/pr76.txt	1.0	0.5	0.2	105446.71217735011	0.129
instances/TSP/pr76.txt	1.0	0.5	0.2	117111.18222810555	0.134
instances/TSP/pr76.txt	1.0	0.5	0.2	89210.37221490851	0.133
instances/TSP/pr76.txt	1.0	0.5	0.2	121106.71801288235	0.129
instances/TSP/pr76.txt	1.0	0.5	0.2	105868.01138421767	0.131
instances/TSP/pr76.txt	1.0	0.5	0.2	93507.45833885888	0.122
instances/TSP/pr76.txt	1.0	0.5	0.2	119953.21561257681	0.128
instances/TSP/pr76.txt	1.0	0.5	0.2	97748.4400209935	0.123
instances/TSP/pr76.txt	1.0	0.5	0.2	96486.08836243255	0.129
instances/TSP/pr76.txt	1.0	0.5	0.2	91179.12566001393	0.132
instances/TSP/pr76.txt	1.0	0.5	0.2	102317.96134811784	0.128
instances/TSP/pr76.txt	1.0	0.5	0.2	106361.14676668723	0.129
instances/TSP/pr76.txt	1.0	0.5	0.2	104347.53955750614	0.129
instances/TSP/pr76.txt	1.0	0.5	0.2	124870.40519868316	0.129
instances/TSP/pr76.txt	1.0	0.5	0.2	115859.09303583014	0.129
instances/TSP/pr76.txt	1.0	0.5	0.2	86032.7089348985	0.129
instances/TSP/kroC100.txt	1.0	0.5	0.2	37929.972144777166	0.319
instances/TSP/kroC100.txt	1.0	0.5	0.2	41789.620024777425	0.167
instances/TSP/kroC100.txt	1.0	0.5	0.2	38943.47735259725	0.155
instances/TSP/kroC100.txt	1.0	0.5	0.2	41277.18234594443	0.18
instances/TSP/kroC100.txt	1.0	0.5	0.2	34151.136840400584	0.146
instances/TSP/kroC100.txt	1.0	0.5	0.2	38703.86161091127	0.173
instances/TSP/kroC100.txt	1.0	0.5	0.2	39759.04455610745	0.149
instances/TSP/kroC100.txt	1.0	0.5	0.2	37747.98115010032	0.15
instances/TSP/kroC100.txt	1.0	0.5	0.2	34071.691393189336	0.16
instances/TSP/kroC100.txt	1.0	0.5	0.2	34230.41714037613	0.153
instances/TSP/kroC100.txt	1.0	0.5	0.2	36571.1135419213	0.146
instances/TSP/kroC100.txt	1.0	0.5	0.2	41063.94449247314	0.163
instances/TSP/kroC100.txt	1.0	0.5	0.2	33067.32845851728	0.155
instances/TSP/kroC100.txt	1.0	0.5	0.2	32593.888528454023	0.149
instances/TSP/kroC100.txt	1.0	0.5	0.2	39131.50624137252	0.156
instances/TSP/kroC100.txt	1.0	0.5	0.2	38619.19696204282	0.151
instances/TSP/kroC100.txt	1.0	0.5	0.2	40753.079175472725	0.152
instances/TSP/kroC100.txt	1.0	0.5	0.2	36753.084208744396	0.199
instances/TSP/kroC100.txt	1.0	0.5	0.2	36417.09655501444	0.206
instances/TSP/kroC100.txt	1.0	0.5	0.2	38055.74804159058	0.186
instances/TSP/kroC100.txt	1.0	0.5	0.2	38117.72648830134	0.16
instances/TSP/kroC100.txt	1.0	0.5	0.2	42906.99962367137	0.154
instances/TSP/kroC100.txt	1.0	0.5	0.2	38021.08654295225	0.153
instances/TSP/kroC100.txt	1.0	0.5	0.2	37334.4177505575	0.151
instances/TSP/kroC100.txt	1.0	0.5	0.2	39168.864136068005	0.149
instances/TSP/kroC100.txt	1.0	0.5	0.2	37108.31698689983	0.154
instances/TSP/kroC100.txt	1.0	0.5	0.2	39353.128377551664	0.15
instances/TSP/kroC100.txt	1.0	0.5	0.2	40419.68959065828	0.166
instances/TSP/kroC100.txt	1.0	0.5	0.2	34723.57143584165	0.189
instances/TSP/kroC100.txt	1.0	0.5	0.2	34885.63364901659	0.164
instances/TSP/pr76.txt	1.0	0.5	0.2	108061.64936968361	0.242
instances/TSP/pr76.txt	1.0	0.5	0.2	103036.67730447013	0.137
instances/TSP/pr76.txt	1.0	0.5	0.2	98612.16730768436	0.134
instances/TSP/pr76.txt	1.0	0.5	0.2	119738.00856250137	0.122
instances/TSP/pr76.txt	1.0	0.5	0.2	96722.8857106275	0.133
instances/TSP/pr76.txt	1.0	0.5	0.2	122773.71222615693	0.128
instances/TSP/pr76.txt	1.0	0.5	0.2	100348.51391590707	0.116
instances/TSP/pr76.txt	1.0	0.5	0.2	138750.91813233306	0.112
instances/TSP/pr76.txt	1.0	0.5	0.2	119755.88664910756	0.105
instances/TSP/pr76.txt	1.0	0.5	0.2	105656.81557957729	0.112
instances/TSP/pr76.txt	1.0	0.5	0.2	132715.52754546492	0.126
instances/TSP/pr76.txt	1.0	0.5	0.2	136013.70347764366	0.121
instances/TSP/pr76.txt	1.0	0.5	0.2	126197.44102894534	0.108
instances/TSP/pr76.txt	1.0	0.5	0.2	91695.36278524977	0.107
instances/TSP/pr76.txt	1.0	0.5	0.2	93248.03675064647	0.11
instances/TSP/pr76.txt	1.0	0.5	0.2	92890.24877802165	0.125
instances/TSP/pr76.txt	1.0	0.5	0.2	111133.33550529624	0.11
instances/TSP/pr76.txt	1.0	0.5	0.2	120196.3216446607	0.107
instances/TSP/pr76.txt	1.0	0.5	0.2	90132.02777239247	0.137
instances/TSP/pr76.txt	1.0	0.5	0.2	111514.98641009435	0.146
instances/TSP/pr76.txt	1.0	0.5	0.2	145046.873364535	0.132
instances/TSP/pr76.txt	1.0	0.5	0.2	143076.77670457232	0.139
instances/TSP/pr76.txt	1.0	0.5	0.2	105705.16343367961	0.132
instances/TSP/pr76.txt	1.0	0.5	0.2	95026.63764124438	0.115
instances/TSP/pr76.txt	1.0	0.5	0.2	92417.9186580406	0.124
instances/TSP/pr76.txt	1.0	0.5	0.2	95382.3957238923	0.118
instances/TSP/pr76.txt	1.0	0.5	0.2	102057.6100318346	0.115
instances/TSP/pr76.txt	1.0	0.5	0.2	108292.1173612395	0.107
instances/TSP/pr76.txt	1.0	0.5	0.2	111903.66615323562	0.111
instances/TSP/pr76.txt	1.0	0.5	0.2	71172.70598636856	0.108
instances/TSP/pr76.txt	1.0	0.5	0.2	116398.84745075063	0.293
instances/TSP/pr76.txt	1.0	0.5	0.2	96979.3474491033	0.202
instances/TSP/pr76.txt	1.0	0.5	0.2	89452.19400764261	0.192
instances/TSP/pr76.txt	1.0	0.5	0.2	104097.01692595906	0.19
instances/TSP/pr76.txt	1.0	0.5	0.2	91517.69651798444	0.191
instances/TSP/pr76.txt	1.0	0.5	0.2	94078.6806730913	0.201
instances/TSP/pr76.txt	1.0	0.5	0.2	122938.34611884748	0.185
instances/TSP/pr76.txt	1.0	0.5	0.2	120965.36657041177	0.187
instances/TSP/pr76.txt	1.0	0.5	0.2	101782.4391431329	0.188
instances/TSP/pr76.txt	1.0	0.5	0.2	130616.92555094171	0.189
instances/TSP/pr76.txt	1.0	0.5	0.2	124428.63292270592	0.185
instances/TSP/pr76.txt	1.0	0.5	0.2	112957.04071956486	0.183
instances/TSP/pr76.txt	1.0	0.5	0.2	99779.46234851891	0.191
instances/TSP/pr76.txt	1.0	0.5	0.2	99656.53305593783	0.194
instances/TSP/pr76.txt	1.0	0.5	0.2	112598.1820765813	0.184
instances/TSP/pr76.txt	1.0	0.5	0.2	146242.04738065414	0.184
instances/TSP/pr76.txt	1.0	0.5	0.2	100135.96139289299	0.187
instances/TSP/pr76.txt	1.0	0.5	0.2	109665.54305028442	0.19
instances/TSP/pr76.txt	1.0	0.5	0.2	114480.78768147396	0.188
instances/TSP/pr76.txt	1.0	0.5	0.2	107972.43658610225	0.185
instances/TSP/pr76.txt	1.0	0.5	0.2	100028.11573115426	0.186
instances/TSP/pr76.txt	1.0	0.5	0.2	104930.78076175101	0.187
instances/TSP/pr76.txt	1.0	0.5	0.2	119642.20827473847	0.189
instances/TSP/pr76.txt	1.0	0.5	0.2	89073.04690779449	0.194
instances/TSP/pr76.txt	1.0	0.5	0.2	117827.60636205875	0.184
instances/TSP/pr76.txt	1.0	0.5	0.2	102687.67303525087	0.19
instances/TSP/pr76.txt	1.0	0.5	0.2	108167.59399345875	0.183
instances/TSP/pr76.txt	1.0	0.5	0.2	108300.56966550519	0.187
instances/TSP/pr76.txt	1.0	0.5	0.2	93959.16904793053	0.188
instances/TSP/pr76.txt	1.0	0.5	0.2	112775.19670503029	0.183
instances/TSP/pr76.txt	1.0	0.5	0.2	95611.02498313051	0.278
instances/TSP/pr76.txt	1.0	0.5	0.2	93684.00150384704	0.236
instances/TSP/pr76.txt	1.0	0.5	0.2	98192.92584246636	0.212
instances/TSP/pr76.txt	1.0	0.5	0.2	91047.95016192368	0.192
instances/TSP/pr76.txt	1.0	0.5	0.2	104537.13514171742	0.193
instances/TSP/pr76.txt	1.0	0.5	0.2	108671.08011603457	0.203
instances/TSP/pr76.txt	1.0	0.5	0.2	108596.34201952837	0.191
instances/TSP/pr76.txt	1.0	0.5	0.2	129584.05835912465	0.191
instances/TSP/pr76.txt	1.0	0.5	0.2	85978.38793112934	0.187
instances/TSP/pr76.txt	1.0	0.5	0.2	116904.45602259917	0.187
instances/TSP/pr76.txt	1.0	0.5	0.2	105385.25683378756	0.188
instances/TSP/pr76.txt	1.0	0.5	0.2	112135.25229730409	0.183
instances/TSP/pr76.txt	1.0	0.5	0.2	98121.39720334676	0.189
instances/TSP/pr76.txt	1.0	0.5	0.2	125514.20112760375	0.188
instances/TSP/pr76.txt	1.0	0.5	0.2	87290.40654506542	0.183
instances/TSP/pr76.txt	1.0	0.5	0.2	99952.35611612521	0.185
instances/TSP/pr76.txt	1.0	0.5	0.2	92267.16501211176	0.187
instances/TSP/pr76.txt	1.0	0.5	0.2	131283.97203915447	0.183
instances/TSP/pr76.txt	1.0	0.5	0.2	99356.62954907122	0.186
instances/TSP/pr76.txt	1.0	0.5	0.2	107253.82532088325	0.185
instances/TSP/pr76.txt	1.0	0.5	0.2	109526.26938495076	0.188
instances/TSP/pr76.txt	1.0	0.5	0.2	111538.13885534351	0.2
instances/TSP/pr76.txt	1.0	0.5	0.2	84228.29001834823	0.211
instances/TSP/pr76.txt	1.0	0.5	0.2	101638.24378769554	0.196
instances/TSP/pr76.txt	1.0	0.5	0.2	105907.54395773663	0.189
instances/TSP/pr76.txt	1.0	0.5	0.2	110905.72057371198	0.19
instances/TSP/pr76.txt	1.0	0.5	0.2	104142.37076573475	0.199
instances/TSP/pr76.txt	1.0	0.5	0.2	87044.32113390231	0.196
instances/TSP/pr76.txt	1.0	0.5	0.2	94152.01955341382	0.195
instances/TSP/pr76.txt	1.0	0.5	0.2	113369.60816900583	0.206
instances/TSP/pr76.txt	1.0	0.5	0.2	90205.62088045596	0.249
instances/TSP/pr76.txt	1.0	0.5	0.2	109959.88336835032	0.238
instances/TSP/pr76.txt	1.0	0.5	0.2	131892.31706832524	0.241
instances/TSP/pr76.txt	1.0	0.5	0.2	95905.60287285905	0.233
instances/TSP/pr76.txt	1.0	0.5	0.2	125200.90825967009	0.222
instances/TSP/pr76.txt	1.0	0.5	0.2	119262.11666315462	0.189
instances/TSP/pr76.txt	1.0	0.5	0.2	121384.29541130006	0.19
instances/TSP/pr76.txt	1.0	0.5	0.2	107072.53740331155	0.221
instances/TSP/pr76.txt	1.0	0.5	0.2	115671.0873411377	0.185
instances/TSP/pr76.txt	1.0	0.5	0.2	94177.52517782665	0.182
instances/TSP/pr76.txt	1.0	0.5	0.2	106471.86267155656	0.186
instances/TSP/pr76.txt	1.0	0.5	0.2	119178.3601593218	0.185
instances/TSP/pr76.txt	1.0	0.5	0.2	120319.73205622775	0.183
instances/TSP/pr76.txt	1.0	0.5	0.2	101637.38195180672	0.187
instances/TSP/pr76.txt	1.0	0.5	0.2	129429.59073124918	0.185
instances/TSP/pr76.txt	1.0	0.5	0.2	105407.5627010567	0.183
instances/TSP/pr76.txt	1.0	0.5	0.2	87088.19939430848	0.183
instances/TSP/pr76.txt	1.0	0.5	0.2	116067.9719934951	0.188
instances/TSP/pr76.txt	1.0	0.5	0.2	105093.15036716327	0.181
instances/TSP/pr76.txt	1.0	0.5	0.2	92012.05473681561	0.189
instances/TSP/pr76.txt	1.0	0.5	0.2	92749.44252285524	0.187
instances/TSP/pr76.txt	1.0	0.5	0.2	129595.1396321585	0.185
instances/TSP/pr76.txt	1.0	0.5	0.2	92572.60285368547	0.185
instances/TSP/pr76.txt	1.0	0.5	0.2	155294.21224574072	0.187
instances/TSP/pr76.txt	1.0	0.5	0.2	116711.72240836041	0.184
instances/TSP/pr76.txt	1.0	0.5	0.2	102632.20759245036	0.184
instances/TSP/pr76.txt	1.0	0.5	0.2	98860.53505722828	0.184
instances/TSP/pr76.txt	1.0	0.5	0.2	116709.30618067653	0.186
instances/TSP/pr76.txt	1.0	0.5	0.2	121304.93404830415	0.184
instances/TSP/pr76.txt	1.0	0.5	0.2	97181.88869183115	0.182
instances/TSP/pr76.txt	1.0	0.5	0.2	111760.79620912927	0.261
instances/TSP/pr76.txt	1.0	0.5	0.2	113393.43791217146	0.217
instances/TSP/pr76.txt	1.0	0.5	0.2	113745.68145612476	0.201
instances/TSP/pr76.txt	1.0	0.5	0.2	99237.95688080855	0.204
instances/TSP/pr76.txt	1.0	0.5	0.2	102191.30270697532	0.189
instances/TSP/pr76.txt	1.0	0.5	0.2	123257.97970675278	0.191
instances/TSP/pr76.txt	1.0	0.5	0.2	96336.89093915075	0.206
instances/TSP/pr76.txt	1.0	0.5	0.2	111638.32565390693	0.183
instances/TSP/pr76.txt	1.0	0.5	0.2	116476.40434961785	0.186
instances/TSP/pr76.txt	1.0	0.5	0.2	115949.5285610609	0.193
instances/TSP/pr76.txt	1.0	0.5	0.2	124590.84611282112	0.185
instances/TSP/pr76.txt	1.0	0.5	0.2	110642.89232704794	0.188
instances/TSP/pr76.txt	1.0	0.5	0.2	97228.37817475757	0.186
instances/TSP/pr76.txt	1.0	0.5	0.2	95504.16718842709	0.188
instances/TSP/pr76.txt	1.0	0.5	0.2	122075.89121618049	0.186
instances/TSP/pr76.txt	1.0	0.5	0.2	89401.09489901527	0.184
instances/TSP/pr76.txt	1.0	0.5	0.2	121548.98947204069	0.186
instances/TSP/pr76.txt	1.0	0.5	0.2	103976.21765211479	0.184
instances/TSP/pr76.txt	1.0	0.5	0.2	98017.43295909971	0.187
instances/TSP/pr76.txt	1.0	0.5	0.2	100829.03303753246	0.187
instances/TSP/pr76.txt	1.0	0.5	0.2	115363.30952210637	0.196
instances/TSP/pr76.txt	1.0	0.5	0.2	116292.2012688792	0.187
instances/TSP/pr76.txt	1.0	0.5	0.2	115765.94248803449	0.191
instances/TSP/pr76.txt	1.0	0.5	0.2	104046.13617712447	0.184
instances/TSP/pr76.txt	1.0	0.5	0.2	119731.55806911262	0.19
instances/TSP/pr76.txt	1.0	0.5	0.2	102112.21860544434	0.198
instances/TSP/pr76.txt	1.0	0.5	0.2	125425.11485955637	0.193
instances/TSP/pr76.txt	1.0	0.5	0.2	94918.0716709737	0.188
instances/TSP/pr76.txt	1.0	0.5	0.2	99900.80912766622	0.185
instances/TSP/pr76.txt	1.0	0.5	0.2	84665.62859455596	0.184
instances/TSP/pr76.txt	1.0	0.5	0.2	126909.48177273193	0.265
instances/TSP/pr76.txt	1.0	0.5	0.2	129450.58426907002	0.26
instances/TSP/pr76.txt	1.0	0.5	0.2	111639.72108778277	0.187
instances/TSP/pr76.txt	1.0	0.5	0.2	97129.6865436633	0.189
instances/TSP/pr76.txt	1.0	0.5	0.2	109693.98464857088	0.188
instances/TSP/pr76.txt	1.0	0.5	0.2	109951.57141732056	0.185
instances/TSP/pr76.txt	1.0	0.5	0.2	115004.19478216239	0.19
instances/TSP/pr76.txt	1.0	0.5	0.2	108771.49800042647	0.184
instances/TSP/pr76.txt	1.0	0.5	0.2	80047.50248412417	0.187
instances/TSP/pr76.txt	1.0	0.5	0.2	99490.93583502146	0.185
instances/TSP/pr76.txt	1.0	0.5	0.2	127127.48714789074	0.186
instances/TSP/pr76.txt	1.0	0.5	0.2	116336.8437242577	0.186
instances/TSP/pr76.txt	1.0	0.5	0.2	120557.32913790536	0.187
instances/TSP/pr76.txt	1.0	0.5	0.2	119345.6032805233	0.186
instances/TSP/pr76.txt	1.0	0.5	0.2	95429.42587630734	0.189
instances/TSP/pr76.txt	1.0	0.5	0.2	120562.46161911286	0.182
instances/TSP/pr76.txt	1.0	0.5	0.2	132048.8800640302	0.187
instances/TSP/pr76.txt	1.0	0.5	0.2	113145.56388188933	0.187
instances/TSP/pr76.txt	1.0	0.5	0.2	99507.7883021644	0.186
instances/TSP/pr76.txt	1.0	0.5	0.2	120480.24244343743	0.187
instances/TSP/pr76.txt	1.0	0.5	0.2	117544.63532811803	0.186
instances/TSP/pr76.txt	1.0	0.5	0.2	109242.10349207761	0.184
instances/TSP/pr76.txt	1.0	0.5	0.2	117110.19249404097	0.187
instances/TSP/pr76.txt	1.0	0.5	0.2	109586.32966021648	0.189
instances/TSP/pr76.txt	1.0	0.5	0.2	91701.88685225972	0.184
instances/TSP/pr76.txt	1.0	0.5	0.2	96315.19816273623	0.184
instances/TSP/pr76.txt	1.0	0.5	0.2	128217.91445768886	0.188
instances/TSP/pr76.txt	1.0	0.5	0.2	117910.08169425892	0.198
instances/TSP/pr76.txt	1.0	0.5	0.2	102881.70453542884	0.185
instances/TSP/pr76.txt	1.0	0.5	0.2	112792.31017999844	0.189
instances/TSP/pr76.txt	1.0	0.5	0.2	120449.60541452157	0.28
instances/TSP/pr76.txt	1.0	0.5	0.2	105145.24293225919	0.268
instances/TSP/pr76.txt	1.0	0.5	0.2	117020.93268698202	0.225
instances/TSP/pr76.txt	1.0	0.5	0.2	112698.55985829442	0.204
instances/TSP/pr76.txt	1.0	0.5	0.2	121044.81797738271	0.216
instances/TSP/pr76.txt	1.0	0.5	0.2	120440.23632534174	0.201
instances/TSP/pr76.txt	1.0	0.5	0.2	149575.92404133888	0.228
instances/TSP/pr76.txt	1.0	0.5	0.2	102792.06780502101	0.201
instances/TSP/pr76.txt	1.0	0.5	0.2	94935.43105457602	0.198
instances/TSP/pr76.txt	1.0	0.5	0.2	87930.35157243996	0.204
instances/TSP/pr76.txt	1.0	0.5	0.2	98885.13562082237	0.199
instances/TSP/pr76.txt	1.0	0.5	0.2	106443.18413872055	0.203
instances/TSP/pr76.txt	1.0	0.5	0.2	79919.71516245934	0.203
instances/TSP/pr76.txt	1.0	0.5	0.2	134135.9665221795	0.203
instances/TSP/pr76.txt	1.0	0.5	0.2	100859.09342512868	0.203
instances/TSP/pr76.txt	1.0	0.5	0.2	112431.76448133399	0.204
instances/TSP/pr76.txt	1.0	0.5	0.2	108086.38745013578	0.198
instances/TSP/pr76.txt	1.0	0.5	0.2	116807.58645264822	0.199
instances/TSP/pr76.txt	1.0	0.5	0.2	119238.13305069495	0.201
instances/TSP/pr76.txt	1.0	0.5	0.2	96934.28134253672	0.2
instances/TSP/pr76.txt	1.0	0.5	0.2	106902.765450196	0.201
instances/TSP/pr76.txt	1.0	0.5	0.2	114109.71688336768	0.202
instances/TSP/pr76.txt	1.0	0.5	0.2	96614.91242157195	0.204
instances/TSP/pr76.txt	1.0	0.5	0.2	105409.33993334485	0.212
instances/TSP/pr76.txt	1.0	0.5	0.2	104404.19086984624	0.29
instances/TSP/pr76.txt	1.0	0.5	0.2	108965.11840241424	0.204
instances/TSP/pr76.txt	1.0	0.5	0.2	105758.70458737663	0.2
instances/TSP/pr76.txt	1.0	0.5	0.2	114762.26300031606	0.201
instances/TSP/pr76.txt	1.0	0.5	0.2	84007.86337151946	0.202
instances/TSP/pr76.txt	1.0	0.5	0.2	115050.20652942668	0.212
instances/TSP/pr76.txt	1.0	0.5	0.2	104220.18142285834	0.208
instances/TSP/pr76.txt	1.0	0.5	0.2	112622.78274019822	0.254
instances/TSP/pr76.txt	1.0	0.5	0.2	122910.82092745208	0.264
instances/TSP/pr76.txt	1.0	0.5	0.2	138356.04159098057	0.207
instances/TSP/pr76.txt	1.0	0.5	0.2	114480.94914325811	0.194
instances/TSP/pr76.txt	1.0	0.5	0.2	122351.29024181618	0.245
instances/TSP/pr76.txt	1.0	0.5	0.2	96178.0103810186	0.229
instances/TSP/pr76.txt	1.0	0.5	0.2	110506.54743114517	0.201
instances/TSP/pr76.txt	1.0	0.5	0.2	122537.31704381759	0.209
instances/TSP/pr76.txt	1.0	0.5	0.2	114131.15742447165	0.254
instances/TSP/pr76.txt	1.0	0.5	0.2	124951.82271530278	0.207
instances/TSP/pr76.txt	1.0	0.5	0.2	117500.54991769083	0.197
instances/TSP/pr76.txt	1.0	0.5	0.2	140389.94629706003	0.196
instances/TSP/pr76.txt	1.0	0.5	0.2	95382.08396418557	0.2
instances/TSP/pr76.txt	1.0	0.5	0.2	100869.97991216843	0.218
instances/TSP/pr76.txt	1.0	0.5	0.2	109934.53494926069	0.257
instances/TSP/pr76.txt	1.0	0.5	0.2	102519.10945366925	0.247
instances/TSP/pr76.txt	1.0	0.5	0.2	115186.20679951142	0.206
instances/TSP/pr76.txt	1.0	0.5	0.2	98621.37890957971	0.272
instances/TSP/pr76.txt	1.0	0.5	0.2	90462.06397907961	0.265
instances/TSP/pr76.txt	1.0	0.5	0.2	119688.86780655362	0.231
instances/TSP/pr76.txt	1.0	0.5	0.2	118393.14038685925	0.228
instances/TSP/pr76.txt	1.0	0.5	0.2	102810.64318334046	0.237
instances/TSP/pr76.txt	1.0	0.5	0.2	91411.66625584928	0.282
instances/TSP/pr76.txt	1.0	0.5	0.2	95371.98251175547	0.268
instances/TSP/pr76.txt	1.0	0.5	0.2	103919.749575099	0.293
instances/TSP/pr76.txt	1.0	0.5	0.2	114510.55729105357	0.298
instances/TSP/pr76.txt	1.0	0.5	0.2	131370.29713967105	0.358
instances/TSP/pr76.txt	1.0	0.5	0.2	104518.29781496857	0.371
instances/TSP/pr76.txt	1.0	0.5	0.2	115592.0784983604	0.358
instances/TSP/pr76.txt	1.0	0.5	0.2	126581.40181305385	0.279
instances/TSP/pr76.txt	1.0	0.5	0.2	120073.67084285649	0.444
instances/TSP/pr76.txt	1.0	0.5	0.2	89204.17010230642	0.489
instances/TSP/pr76.txt	1.0	0.5	0.2	114116.68066032328	0.332
instances/TSP/pr76.txt	1.0	0.5	0.2	98274.80939056168	0.436
instances/TSP/pr76.txt	1.0	0.5	0.2	110677.29580435212	0.328
instances/TSP/pr76.txt	1.0	0.5	0.2	118113.90610005021	0.325
instances/TSP/pr76.txt	1.0	0.5	0.2	94406.36554075591	0.344
instances/TSP/pr76.txt	1.0	0.5	0.2	110686.62297104907	0.318
instances/TSP/pr76.txt	1.0	0.5	0.2	113451.13994249403	0.315
instances/TSP/pr76.txt	1.0	0.5	0.2	113810.53268471092	0.308
instances/TSP/pr76.txt	1.0	0.5	0.2	99211.94756584744	0.298
instances/TSP/pr76.txt	1.0	0.5	0.2	116057.50716194948	0.29
instances/TSP/pr76.txt	1.0	0.5	0.2	134973.283254791	0.3
instances/TSP/pr76.txt	1.0	0.5	0.2	117357.34273085844	0.304
instances/TSP/pr76.txt	1.0	0.5	0.2	102756.38054018294	0.297
instances/TSP/pr76.txt	1.0	0.5	0.2	131438.31802581475	0.287
instances/TSP/pr76.txt	1.0	0.5	0.2	102065.49078007921	0.294
instances/TSP/pr76.txt	1.0	0.5	0.2	101749.08188276838	0.283
instances/TSP/pr76.txt	1.0	0.5	0.2	102826.84162254803	0.284
instances/TSP/pr76.txt	1.0	0.5	0.2	134998.4972417819	0.284
instances/TSP/pr76.txt	1.0	0.5	0.2	99251.41770666615	0.313
instances/TSP/pr76.txt	1.0	0.5	0.2	90322.12170043391	0.293
instances/TSP/pr76.txt	1.0	0.5	0.2	117594.32441014974	0.286
instances/TSP/pr76.txt	1.0	0.5	0.2	81965.05652999718	0.298
instances/TSP/pr76.txt	1.0	0.5	0.2	93578.54069805333	0.282
instances/TSP/pr76.txt	1.0	0.5	0.2	115269.2986615491	0.299
instances/TSP/pr76.txt	1.0	0.5	0.2	122613.26232375822	0.293
instances/TSP/pr76.txt	1.0	0.5	0.2	103790.43380249334	0.288
instances/TSP/pr76.txt	1.0	0.5	0.2	118127.81128310427	0.283
instances/TSP/pr76.txt	1.0	0.5	0.2	105951.22717443602	0.29
instances/TSP/pr76.txt	0.8	0.5	0.2	116029.56908875096	0.317
instances/TSP/pr76.txt	0.8	0.5	0.2	96699.56597401787	0.247
instances/TSP/pr76.txt	0.8	0.5	0.2	113951.47703351903	0.213
instances/TSP/pr76.txt	0.8	0.5	0.2	116938.47028741348	0.209
instances/TSP/pr76.txt	0.8	0.5	0.2	101752.66031071634	0.219
instances/TSP/pr76.txt	0.8	0.5	0.2	119431.46265210735	0.21
instances/TSP/pr76.txt	0.8	0.5	0.2	118621.83337674719	0.197
instances/TSP/pr76.txt	0.8	0.5	0.2	95374.77344083462	0.197
instances/TSP/pr76.txt	0.8	0.5	0.2	108095.02595078554	0.198
instances/TSP/pr76.txt	0.8	0.5	0.2	114735.68068567454	0.242
instances/TSP/pr76.txt	0.8	0.5	0.2	99936.08979236508	0.245
instances/TSP/pr76.txt	0.8	0.5	0.2	97609.54445483569	0.196
instances/TSP/pr76.txt	0.8	0.5	0.2	98824.5252406029	0.209
instances/TSP/pr76.txt	0.8	0.5	0.2	124142.35345986491	0.201
instances/TSP/pr76.txt	0.8	0.5	0.2	93113.77720920379	0.196
instances/TSP/pr76.txt	0.8	0.5	0.2	101448.7699546399	0.197
instances/TSP/pr76.txt	0.8	0.5	0.2	107256.56788378226	0.2
instances/TSP/pr76.txt	0.8	0.5	0.2	114768.8274948399	0.196
instances/TSP/pr76.txt	0.8	0.5	0.2	96689.20255753238	0.201
instances/TSP/pr76.txt	0.8	0.5	0.2	105751.07913885923	0.201
instances/TSP/pr76.txt	0.8	0.5	0.2	115364.90511822162	0.213
instances/TSP/pr76.txt	0.8	0.5	0.2	125519.61917939509	0.234
instances/TSP/pr76.txt	0.8	0.5	0.2	111609.70684044958	0.201
instances/TSP/pr76.txt	0.8	0.5	0.2	107904.21728747067	0.204
instances/TSP/pr76.txt	0.8	0.5	0.2	107903.55331920697	0.212
instances/TSP/pr76.txt	0.8	0.5	0.2	108716.39253957126	0.211
instances/TSP/pr76.txt	0.8	0.5	0.2	99423.93530669478	0.204
instances/TSP/pr76.txt	0.8	0.5	0.2	92106.0985790828	0.202
instances/TSP/pr76.txt	0.8	0.5	0.2	126659.3833567369	0.207
instances/TSP/pr76.txt	0.8	0.5	0.2	88643.73708604711	0.212
instances/TSP/berlin52.txt	0.8	0.5	0.2	9651.976607945871	0.252
instances/TSP/berlin52.txt	0.8	0.5	0.2	10216.592014095671	0.197
instances/TSP/berlin52.txt	0.8	0.5	0.2	8330.860571070178	0.161
instances/TSP/berlin52.txt	0.8	0.5	0.2	8772.687152371433	0.173
instances/TSP/berlin52.txt	0.8	0.5	0.2	6891.2024086966885	0.183
instances/TSP/berlin52.txt	0.8	0.5	0.2	8678.167585380777	0.165
instances/TSP/berlin52.txt	0.8	0.5	0.2	9483.932590186596	0.162
instances/TSP/berlin52.txt	0.8	0.5	0.2	6967.311599076491	0.186
instances/TSP/berlin52.txt	0.8	0.5	0.2	7223.832054500905	0.181
instances/TSP/berlin52.txt	0.8	0.5	0.2	8439.77645790005	0.211
instances/TSP/berlin52.txt	0.8	0.5	0.2	8920.848639009497	0.181
instances/TSP/berlin52.txt	0.8	0.5	0.2	8598.582058006377	0.201
instances/TSP/berlin52.txt	0.8	0.5	0.2	8938.800655560408	0.165
instances/TSP/berlin52.txt	0.8	0.5	0.2	7954.052292994026	0.161
instances/TSP/berlin52.txt	0.8	0.5	0.2	7050.651695247133	0.161
instances/TSP/berlin52.txt	0.8	0.5	0.2	9641.192373703958	0.158
instances/TSP/berlin52.txt	0.8	0.5	0.2	9170.903916545341	0.159
instances/TSP/berlin52.txt	0.8	0.5	0.2	8310.241064730026	0.181
instances/TSP/berlin52.txt	0.8	0.5	0.2	7935.146102127023	0.181
instances/TSP/berlin52.txt	0.8	0.5	0.2	7736.687748499787	0.171
instances/TSP/berlin52.txt	0.8	0.5	0.2	8684.631563693223	0.178
instances/TSP/berlin52.txt	0.8	0.5	0.2	9868.686363837161	0.167
instances/TSP/berlin52.txt	0.8	0.5	0.2	7932.305605100272	0.166
instances/TSP/berlin52.txt	0.8	0.5	0.2	8591.678096142163	0.162
instances/TSP/berlin52.txt	0.8	0.5	0.2	7874.517815680978	0.173
instances/TSP/berlin52.txt	0.8	0.5	0.2	8491.972058308349	0.166
instances/TSP/berlin52.txt	0.8	0.5	0.2	7291.691818730025	0.168
instances/TSP/berlin52.txt	0.8	0.5	0.2	9639.571165231138	0.175
instances/TSP/berlin52.txt	0.8	0.5	0.2	8575.13839578045	0.166
instances/TSP/berlin52.txt	0.8	0.5	0.2	9131.388400280657	0.166
instances/TSP/pr76.txt	0.8	0.5	0.2	109312.45875743072	0.293
instances/TSP/pr76.txt	0.8	0.5	0.2	99161.81769954167	0.202
instances/TSP/pr76.txt	0.8	0.5	0.2	96865.63709458041	0.228
instances/TSP/pr76.txt	0.8	0.5	0.2	90502.03280808139	0.198
instances/TSP/pr76.txt	0.8	0.5	0.2	101059.90293113838	0.22
instances/TSP/pr76.txt	0.8	0.5	0.2	122017.766855977	0.202
instances/TSP/pr76.txt	0.8	0.5	0.2	115364.12310696178	0.195
instances/TSP/pr76.txt	0.8	0.5	0.2	111268.37334714558	0.217
instances/TSP/pr76.txt	0.8	0.5	0.2	101950.88132981313	0.207
instances/TSP/pr76.txt	0.8	0.5	0.2	114927.1011200611	0.198
instances/TSP/pr76.txt	0.8	0.5	0.2	118349.92031809139	0.199
instances/TSP/pr76.txt	0.8	0.5	0.2	95436.02038958392	0.2
instances/TSP/pr76.txt	0.8	0.5	0.2	115741.98331950579	0.201
instances/TSP/pr76.txt	0.8	0.5	0.2	115520.23437267992	0.198
instances/TSP/pr76.txt	0.8	0.5	0.2	89286.74353683014	0.202
instances/TSP/pr76.txt	0.8	0.5	0.2	100036.34726635543	0.196
instances/TSP/pr76.txt	0.8	0.5	0.2	97931.89226340591	0.216
instances/TSP/pr76.txt	0.8	0.5	0.2	108550.7593443129	0.225
instances/TSP/pr76.txt	0.8	0.5	0.2	95032.87026188473	0.197
instances/TSP/pr76.txt	0.8	0.5	0.2	101231.49716853302	0.209
instances/TSP/pr76.txt	0.8	0.5	0.2	115463.44092622338	0.21
instances/TSP/pr76.txt	0.8	0.5	0.2	115134.60334492521	0.212
instances/TSP/pr76.txt	0.8	0.5	0.2	101126.81113403762	0.212
instances/TSP/pr76.txt	0.8	0.5	0.2	116686.4248588275	0.218
instances/TSP/pr76.txt	0.8	0.5	0.2	78556.09335855204	0.215
instances/TSP/pr76.txt	0.8	0.5	0.2	116721.11589732599	0.236
instances/TSP/pr76.txt	0.8	0.5	0.2	115687.95729753426	0.208
instances/TSP/pr76.txt	0.8	0.5	0.2	112505.66153562958	0.21
instances/TSP/pr76.txt	0.8	0.5	0.2	93751.98556209226	0.218
instances/TSP/pr76.txt	0.8	0.5	0.2	100139.79129489849	0.212
instances/TSP/pr76.txt	0.8	0.5	0.2	98617.00192937604	0.312
instances/TSP/pr76.txt	0.8	0.5	0.2	97901.05788400356	0.202
instances/TSP/pr76.txt	0.8	0.5	0.2	127096.08768872826	0.219
instances/TSP/pr76.txt	0.8	0.5	0.2	137618.10589624857	0.196
instances/TSP/pr76.txt	0.8	0.5	0.2	136518.78618147437	0.259
instances/TSP/pr76.txt	0.8	0.5	0.2	116447.86071807906	0.254
instances/TSP/pr76.txt	0.8	0.5	0.2	96903.25261375037	0.197
instances/TSP/pr76.txt	0.8	0.5	0.2	91025.52550816344	0.202
instances/TSP/pr76.txt	0.8	0.5	0.2	102249.3461017764	0.21
instances/TSP/pr76.txt	0.8	0.5	0.2	83437.75341501524	0.203
instances/TSP/pr76.txt	0.8	0.5	0.2	126310.93111494693	0.2
instances/TSP/pr76.txt	0.8	0.5	0.2	95832.3058727747	0.199
instances/TSP/pr76.txt	0.8	0.5	0.2	95836.71127498317	0.205
instances/TSP/pr76.txt	0.8	0.5	0.2	106389.3299340284	0.211
instances/TSP/pr76.txt	0.8	0.5	0.2	99715.95963578178	0.201
instances/TSP/pr76.txt	0.8	0.5	0.2	113293.71441696087	0.2
instances/TSP/pr76.txt	0.8	0.5	0.2	114877.06698157694	0.197
instances/TSP/pr76.txt	0.8	0.5	0.2	102973.08140489657	0.232
instances/TSP/pr76.txt	0.8	0.5	0.2	129713.76974757202	0.219
instances/TSP/pr76.txt	0.8	0.5	0.2	99896.95805597944	0.201
instances/TSP/pr76.txt	0.8	0.5	0.2	88519.17272334076	0.2
instances/TSP/pr76.txt	0.8	0.5	0.2	120402.96144632788	0.205
instances/TSP/pr76.txt	0.8	0.5	0.2	114196.38193666292	0.2
instances/TSP/pr76.txt	0.8	0.5	0.2	92676.12643258681	0.206
instances/TSP/pr76.txt	0.8	0.5	0.2	106135.3232584828	0.2
instances/TSP/pr76.txt	0.8	0.5	0.2	112489.19316740584	0.2
instances/TSP/pr76.txt	0.8	0.5	0.2	116259.19859377356	0.198
instances/TSP/pr76.txt	0.8	0.5	0.2	98995.3823875899	0.216
instances/TSP/pr76.txt	0.8	0.5	0.2	103210.51535519962	0.198
instances/TSP/pr76.txt	0.8	0.5	0.2	118717.34395927153	0.201
instances/TSP/pr76.txt	0.8	0.5	0.2	105811.36802628153	0.284
instances/TSP/pr76.txt	0.8	0.5	0.2	101362.26081465074	0.304
instances/TSP/pr76.txt	0.8	0.5	0.2	130706.7507337281	0.29
instances/TSP/pr76.txt	0.8	0.5	0.2	99661.77639478738	0.243
instances/TSP/pr76.txt	0.8	0.5	0.2	95345.07524628387	0.24
instances/TSP/pr76.txt	1.0	0.5	0.2	107846.85705632612	0.33
instances/TSP/pr76.txt	1.0	0.5	0.2	125354.8862072041	0.143
instances/TSP/pr76.txt	1.0	0.5	0.2	119009.42026295644	0.137
instances/TSP/pr76.txt	1.0	0.5	0.2	116072.00049726613	0.42
instances/TSP/pr76.txt	1.0	0.5	0.2	127452.44257222304	0.136
instances/TSP/pr76.txt	1.0	0.5	0.2	103627.75187632562	0.121
instances/TSP/pr76.txt	1.0	0.5	0.2	105061.78581441488	0.132
instances/TSP/pr76.txt	1.0	0.5	0.2	127373.16522676664	0.14
instances/TSP/pr76.txt	1.0	0.5	0.2	130767.36235354263	0.124
instances/TSP/pr76.txt	1.0	0.5	0.2	117958.7462521959	0.156
instances/TSP/pr76.txt	1.0	0.5	0.2	112932.98826807567	0.146
instances/TSP/pr76.txt	1.0	0.5	0.2	101207.9419768752	0.511
instances/TSP/pr76.txt	1.0	0.5	0.2	118060.11181478848	0.23
instances/TSP/pr76.txt	1.0	0.5	0.2	107679.34353489456	0.128
instances/TSP/pr76.txt	1.0	0.5	0.2	125659.0097416514	0.114
instances/TSP/pr76.txt	1.0	0.5	0.2	93140.62507108669	0.107
instances/TSP/pr76.txt	1.0	0.5	0.2	117897.8792375317	0.113
instances/TSP/pr76.txt	1.0	0.5	0.2	105597.75868210288	0.12
instances/TSP/pr76.txt	1.0	0.5	0.2	103735.66470015055	0.123
instances/TSP/pr76.txt	1.0	0.5	0.2	81101.65350253697	0.116
instances/TSP/pr76.txt	1.0	0.5	0.2	103159.98927974382	0.11
instances/TSP/pr76.txt	1.0	0.5	0.2	102367.41778218943	0.113
instances/TSP/pr76.txt	1.0	0.5	0.2	109860.15403056213	0.121
instances/TSP/pr76.txt	1.0	0.5	0.2	113890.69698698989	0.121
instances/TSP/pr76.txt	1.0	0.5	0.2	116815.78841717419	0.122
instances/TSP/pr76.txt	1.0	0.5	0.2	114917.46676339113	0.116
instances/TSP/pr76.txt	1.0	0.5	0.2	99348.96442289726	0.115
instances/TSP/pr76.txt	1.0	0.5	0.2	111665.42854427703	0.119
instances/TSP/pr76.txt	1.0	0.5	0.2	137929.4493481731	0.124
instances/TSP/pr76.txt	1.0	0.5	0.2	99721.89721523962	0.119
instances/TSP/pr76.txt	1.0	0.5	0.2	121683.48817852142	[I@65b3120a	0.507
instances/TSP/pr76.txt	1.0	0.5	0.2	111855.51361155995	[I@5e9f23b4	0.151
instances/TSP/pr76.txt	1.0	0.5	0.2	103418.66095346758	[I@4783da3f	0.17
instances/TSP/pr76.txt	1.0	0.5	0.2	129189.27385652317	[I@378fd1ac	0.186
instances/TSP/pr76.txt	1.0	0.5	0.2	109699.37648805558	[I@49097b5d	0.165
instances/TSP/pr76.txt	1.0	0.5	0.2	121669.11040377904	[I@6e2c634b	0.153
instances/TSP/pr76.txt	1.0	0.5	0.2	126704.2139203114	[I@37a71e93	0.154
instances/TSP/pr76.txt	1.0	0.5	0.2	117920.43949132726	[I@7e6cbb7a	0.152
instances/TSP/pr76.txt	1.0	0.5	0.2	147004.24067665686	[I@7c3df479	0.158
instances/TSP/pr76.txt	1.0	0.5	0.2	99286.07689771101	[I@7106e68e	0.15
instances/TSP/pr76.txt	1.0	0.5	0.2	99022.28848633025	[I@7eda2dbb	0.13
instances/TSP/pr76.txt	1.0	0.5	0.2	109857.58614407397	[I@6576fe71	0.133
instances/TSP/pr76.txt	1.0	0.5	0.2	100733.59636869433	[I@76fb509a	0.134
instances/TSP/pr76.txt	1.0	0.5	0.2	93806.52786810484	[I@300ffa5d	0.132
instances/TSP/pr76.txt	1.0	0.5	0.2	89770.20619238233	[I@1f17ae12	0.138
instances/TSP/pr76.txt	1.0	0.5	0.2	111379.53741928929	[I@4d405ef7	0.139
instances/TSP/pr76.txt	1.0	0.5	0.2	104142.98985201075	[I@6193b845	0.149
instances/TSP/pr76.txt	1.0	0.5	0.2	92437.37671720833	[I@2e817b38	0.16
instances/TSP/pr76.txt	1.0	0.5	0.2	112322.96589290295	[I@c4437c4	0.149
instances/TSP/pr76.txt	1.0	0.5	0.2	108453.46871466725	[I@433c675d	0.128
instances/TSP/pr76.txt	1.0	0.5	0.2	119053.69270765672	[I@3f91beef	0.131
instances/TSP/pr76.txt	1.0	0.5	0.2	105768.85845735716	[I@1a6c5a9e	0.13
instances/TSP/pr76.txt	1.0	0.5	0.2	97526.48687019724	[I@37bba400	0.128
instances/TSP/pr76.txt	1.0	0.5	0.2	95795.88477632997	[I@179d3b25	0.135
instances/TSP/pr76.txt	1.0	0.5	0.2	96922.43369903942	[I@254989ff	0.133
instances/TSP/pr76.txt	1.0	0.5	0.2	123134.08234764106	[I@5d099f62	0.131
instances/TSP/pr76.txt	1.0	0.5	0.2	97936.86265915394	[I@37f8bb67	0.131
instances/TSP/pr76.txt	1.0	0.5	0.2	88047.71323940533	[I@49c2faae	0.119
instances/TSP/pr76.txt	1.0	0.5	0.2	105145.78651446567	[I@20ad9418	0.128
instances/TSP/pr76.txt	1.0	0.5	0.2	115006.7085293812	[I@31cefde0	0.128
instances/TSP/pr76.txt	1.0	0.5	0.2	117857.41987369853	0 5 4 9 34 35 36 15 14 16 30 18 23 24 20 74 21 22 2 3 6 7 8 13 17 73 37 38 53 46 32 27 26 25 29 45 68 57 64 69 72 71 70 63 62 61 39 33 41 48 51 49 54 50 58 59 40 52 42 12 10 11 28 44 43 47 55 65 56 60 66 67 31 19 1 	0.337
instances/TSP/pr76.txt	1.0	0.5	0.2	120862.89766943257	1 45 44 46 67 66 65 60 56 54 39 38 37 33 35 34 36 17 42 32 27 26 25 29 30 21 22 0 2 3 6 5 7 4 19 8 9 10 41 48 68 49 50 64 61 62 63 70 71 72 69 73 15 14 16 31 28 23 24 20 74 18 11 12 13 53 52 51 55 57 58 59 40 47 43 	0.16
instances/TSP/pr76.txt	1.0	0.5	0.2	125679.0569172529	1 13 36 34 47 42 31 27 26 28 11 10 12 16 14 15 73 60 64 61 62 63 70 72 71 69 56 46 44 5 74 3 6 7 4 19 18 32 50 57 65 66 67 55 58 35 17 25 29 30 9 8 2 22 21 20 24 23 45 43 53 68 49 51 48 52 33 37 38 39 54 59 40 41 0 	0.136
instances/TSP/pr76.txt	1.0	0.5	0.2	102760.95423247562	0 22 6 7 5 4 25 26 27 31 16 13 12 45 23 20 21 2 3 74 24 19 8 9 44 43 32 17 15 36 67 56 60 61 62 63 70 71 72 69 64 65 66 47 42 28 30 18 29 11 10 14 38 39 50 57 55 58 54 49 68 52 53 33 35 34 41 46 48 51 59 40 37 73 1 	0.132
instances/TSP/pr76.txt	1.0	0.5	0.2	105252.26376840296	0 22 18 29 26 28 44 49 67 66 65 57 58 37 73 11 4 5 7 6 24 25 45 10 12 13 31 27 16 34 14 15 35 33 52 39 40 59 54 51 48 46 47 32 43 17 36 38 64 62 63 70 72 71 69 61 60 56 55 50 68 53 41 42 30 74 21 20 19 9 8 23 3 2 1 	0.117
instances/TSP/pr76.txt	1.0	0.5	0.2	98480.346861629	1 0 22 21 2 5 7 6 3 24 8 9 29 11 42 48 39 38 37 33 41 35 36 17 15 14 16 31 27 43 47 59 67 71 72 70 69 63 62 61 64 60 56 65 66 57 55 50 58 54 49 52 46 26 25 19 23 20 74 4 18 30 45 28 10 13 12 44 32 34 73 68 40 51 53 	0.137
instances/TSP/pr76.txt	1.0	0.5	0.2	95492.01678155946	1 0 22 21 74 2 3 20 24 23 18 11 13 16 36 35 34 31 27 44 43 32 42 17 14 15 66 64 69 72 71 70 63 62 61 60 56 65 67 51 52 53 33 37 38 39 40 58 57 55 68 46 47 26 25 7 5 4 19 8 9 30 29 28 10 12 73 54 50 59 49 48 41 45 6 	0.126
instances/TSP/pr76.txt	1.0	0.5	0.2	93546.33169876279	1 22 21 24 5 7 6 3 74 2 20 23 10 27 31 32 17 14 16 26 28 25 18 8 4 19 9 30 29 45 44 43 37 62 63 72 71 70 69 67 50 49 68 40 59 54 51 38 52 73 35 36 34 42 47 46 41 53 48 58 57 66 64 61 60 56 65 55 39 33 15 13 12 11 0 	0.118
instances/TSP/pr76.txt	1.0	0.5	0.2	116195.78808491383	0 22 2 3 74 21 20 6 5 4 45 44 47 64 70 71 72 43 27 26 28 25 29 30 18 9 11 12 13 73 58 57 55 67 68 48 51 40 54 49 39 38 37 53 41 42 34 36 35 33 52 59 50 66 65 56 60 61 62 63 69 46 23 24 19 8 10 31 32 17 15 14 16 7 1 	0.11
instances/TSP/pr76.txt	1.0	0.5	0.2	96160.51269376194	0 22 20 24 5 6 74 21 2 3 7 9 13 34 38 39 37 53 46 47 41 48 49 54 71 72 70 69 63 62 51 52 33 42 43 44 26 28 11 10 12 16 32 14 15 17 36 35 68 50 67 56 60 61 64 66 65 57 55 58 59 40 73 31 27 8 19 4 18 45 25 29 30 23 1 	0.116
instances/TSP/pr76.txt	1.0	0.5	0.2	111977.3226614695	0 22 21 45 44 31 27 43 47 46 48 62 63 71 72 70 69 68 53 33 35 34 17 10 11 6 74 20 24 23 19 18 9 8 7 5 4 30 29 12 13 16 15 36 73 37 39 40 67 66 65 55 57 58 50 54 49 51 41 42 26 25 28 14 38 59 60 61 64 56 52 32 3 2 1 	0.113
instances/TSP/pr76.txt	1.0	0.5	0.2	91171.90858051558	1 2 3 74 20 24 23 66 56 64 69 72 71 70 63 62 61 60 65 50 54 49 40 51 68 48 37 73 13 12 27 31 32 34 35 36 17 15 16 11 10 43 47 14 28 29 18 19 8 9 30 25 44 42 46 52 39 67 57 55 58 59 38 53 33 41 26 45 4 5 7 6 21 22 0 	0.108
instances/TSP/pr76.txt	1.0	0.5	0.2	110360.69461710009	1 0 22 2 3 74 20 23 30 29 26 43 47 39 54 59 58 57 55 65 66 67 50 40 38 73 41 15 14 28 9 19 5 4 8 12 17 36 35 34 42 27 11 10 13 16 32 31 45 18 7 6 24 25 44 46 48 51 49 68 52 33 53 37 56 64 61 62 63 69 70 71 72 60 21 	0.109
instances/TSP/pr76.txt	1.0	0.5	0.2	128437.19822049097	1 2 6 4 43 42 32 31 12 10 8 9 18 30 29 45 25 11 28 26 44 27 17 34 54 59 58 57 55 67 50 49 40 39 33 73 35 36 15 14 13 19 3 74 20 68 65 56 60 61 64 66 38 37 53 52 48 51 41 46 47 23 24 5 7 16 69 70 71 72 63 62 21 22 0 	0.12
instances/TSP/pr76.txt	1.0	0.5	0.2	102223.57649415437	0 22 2 21 74 8 15 36 35 34 73 38 39 40 59 54 49 68 51 48 37 33 53 52 67 66 65 56 60 64 61 62 63 70 71 72 69 46 47 42 32 43 27 31 12 10 28 45 25 29 30 18 9 26 16 14 17 13 11 23 24 20 3 6 7 5 4 19 41 58 57 55 50 44 1 	0.112
instances/TSP/pr76.txt	1.0	0.5	0.2	112381.52016166288	4 62 69 72 71 70 63 61 73 36 15 34 35 33 37 48 59 58 50 54 49 47 43 44 5 7 6 3 2 21 74 20 24 23 16 17 13 12 10 11 28 45 25 29 30 18 19 8 9 26 27 31 32 42 41 46 53 52 38 39 51 40 57 55 66 65 56 60 64 67 68 14 22 0 1 	0.111
instances/TSP/pr76.txt	1.0	0.5	0.2	114276.76415337677	1 2 3 6 7 74 21 20 24 23 45 26 27 31 13 12 11 29 30 8 9 32 17 34 35 39 51 48 53 41 33 37 54 59 40 38 73 14 18 4 19 25 43 52 68 49 50 60 61 64 56 65 57 55 46 47 42 44 28 10 16 15 36 67 66 62 63 70 72 71 69 58 5 22 0 	0.115
instances/TSP/pr76.txt	1.0	0.5	0.2	99618.31554984479	0 22 2 5 7 6 3 74 21 20 39 40 38 37 36 32 31 27 47 46 41 53 52 33 73 35 15 13 12 11 19 4 24 23 10 16 14 17 42 43 44 45 25 29 30 9 8 18 28 26 34 54 50 67 64 69 71 72 70 63 62 61 60 56 65 66 57 55 58 59 49 68 51 48 1 	0.113
instances/TSP/pr76.txt	1.0	0.5	0.2	116985.7528381844	7 11 10 52 48 51 39 38 37 33 27 20 74 2 3 24 23 25 28 26 31 16 32 53 68 54 67 66 64 62 69 63 61 60 57 58 59 40 36 35 14 17 15 34 41 46 47 42 43 44 29 30 9 8 19 18 12 13 73 50 55 56 71 72 70 65 49 45 4 5 6 21 22 0 1 	0.113
instances/TSP/pr76.txt	1.0	0.5	0.2	97460.19140601486	1 5 28 11 10 16 14 15 36 34 35 33 53 52 48 39 38 37 41 46 51 68 49 54 59 58 50 55 57 66 69 70 72 71 63 47 43 31 12 13 17 73 65 56 60 62 61 64 67 40 42 32 27 44 26 45 4 7 6 3 74 2 22 21 20 24 23 19 8 9 29 25 30 18 0 	0.109
instances/TSP/pr76.txt	1.0	0.5	0.2	120874.55574806889	1 0 9 29 10 12 13 31 32 42 34 41 46 47 44 26 11 17 35 73 33 53 52 38 37 8 5 74 20 24 23 48 72 71 70 69 51 39 40 59 58 57 55 67 66 65 56 60 64 63 62 61 50 54 49 68 43 45 19 21 22 2 3 6 7 4 30 25 27 36 15 14 16 28 18 	0.108
instances/TSP/pr76.txt	1.0	0.5	0.2	115125.64341229683	0 22 21 20 24 23 18 30 29 25 26 43 46 54 50 59 73 16 13 12 10 11 8 4 19 9 44 47 68 67 66 64 61 62 63 69 70 72 71 57 45 74 3 6 7 5 28 27 32 42 34 35 41 33 37 38 39 51 48 36 17 14 15 53 52 49 55 65 60 56 58 40 31 2 1 	0.109
instances/TSP/pr76.txt	1.0	0.5	0.2	129658.59308986978	1 0 22 21 74 55 65 64 61 60 56 66 67 49 68 51 39 38 37 15 7 6 5 4 19 8 54 50 59 40 43 23 24 20 3 18 9 32 42 47 46 41 35 34 73 33 52 53 36 17 14 16 31 27 44 13 12 26 45 25 29 30 28 11 10 48 58 57 62 63 72 71 70 69 2 	0.105
instances/TSP/pr76.txt	1.0	0.5	0.2	97066.70480781564	0 22 21 19 8 9 30 11 12 13 32 42 36 37 48 68 49 50 58 59 54 40 51 39 52 41 34 35 73 33 38 55 57 65 56 60 61 62 63 70 71 72 69 64 66 67 53 46 47 43 28 29 18 4 5 20 6 7 14 15 17 16 10 23 24 3 2 74 45 44 27 31 26 25 1 	0.109
instances/TSP/pr76.txt	1.0	0.5	0.2	101684.30374525921	0 22 8 9 30 29 25 18 23 24 20 21 74 3 6 7 4 19 12 36 34 41 35 15 44 26 28 11 10 13 33 59 54 49 42 32 17 14 16 27 31 47 46 68 53 52 48 39 38 37 73 40 51 58 56 60 64 65 66 67 50 55 57 69 72 71 70 63 62 61 43 45 5 2 1 	0.126
instances/TSP/pr76.txt	1.0	0.5	0.2	104800.61948413365	0 22 24 9 10 36 73 35 32 27 43 47 53 48 55 57 66 70 71 72 69 63 62 61 64 60 56 65 67 38 37 33 39 58 50 51 52 41 42 31 44 26 28 45 29 30 25 11 12 13 16 14 15 34 17 18 19 4 7 6 3 2 74 21 20 23 46 68 49 54 59 40 8 5 1 	0.124
instances/TSP/pr76.txt	1.0	0.5	0.2	129707.08509235887	0 1 22 21 23 18 30 16 17 32 26 45 24 20 74 2 3 6 7 8 9 15 37 39 51 68 53 31 27 44 43 48 49 59 40 38 14 12 10 11 13 73 57 65 60 56 66 67 54 52 35 36 34 42 41 33 46 47 25 29 19 5 4 28 50 58 61 69 72 71 70 63 62 64 55 	0.124
instances/TSP/pr76.txt	1.0	0.5	0.2	110279.94879356072	0 22 21 24 31 16 32 34 52 49 54 58 57 55 50 59 40 51 48 68 67 66 64 62 61 60 56 39 38 35 36 17 14 15 37 63 70 71 72 69 65 42 27 19 4 5 7 11 10 12 13 26 28 25 23 20 74 2 3 47 46 53 33 73 41 43 44 45 29 30 18 9 8 6 1 	0.112
instances/TSP/pr76.txt	1.0	0.5	0.2	115547.48977215528	0 22 2 3 74 21 20 24 23 18 30 9 8 4 19 29 70 71 72 69 43 44 45 28 26 27 31 13 12 11 10 32 48 60 61 62 63 64 37 35 34 33 51 49 50 55 57 58 59 54 40 39 38 73 36 17 15 14 16 42 47 46 41 53 52 68 65 56 66 67 25 5 7 6 1 	0.111
instances/TSP/pr76.txt	1.0	0.5	0.2	91543.21792222481	0 22 6 7 5 4 18 29 30 9 8 20 21 74 3 24 23 25 11 10 27 31 43 47 46 50 71 72 70 56 57 58 67 66 64 62 69 63 61 60 65 55 59 54 68 48 52 53 33 37 38 51 49 40 39 41 73 35 16 13 12 28 26 42 34 36 15 14 17 32 44 45 19 2 1 	0.11
instances/TSP/berlin52.txt	0.8	0.5	0.2	12926.292398644466	21 4 3 27 25 42 7 47 33 34 35 36 39 37 5 14 45 24 50 12 32 26 23 18 15 19 49 11 46 8 44 31 17 2 28 1 6 41 16 40 9 13 10 38 43 48 0 20 29 22 30 	0.048
instances/TSP/berlin52.txt	0.8	0.5	0.2	11890.430187606984	29 16 17 20 19 33 34 39 23 37 15 2 28 25 46 40 14 3 7 24 18 35 48 44 47 42 13 10 12 1 6 41 49 0 21 43 45 5 8 9 50 32 27 26 11 4 36 38 31 30 22 	0.054
instances/TSP/berlin52.txt	0.8	0.5	0.2	10967.13858328117	6 1 41 29 40 18 42 50 12 13 10 32 16 20 17 43 39 38 34 35 30 22 15 36 45 7 24 26 27 9 14 23 37 33 44 31 21 19 49 2 28 4 5 8 46 25 11 3 47 48 0 	0.048
instances/TSP/berlin52.txt	0.8	0.5	0.2	8111.108664968265	28 8 9 42 3 14 38 33 35 34 43 31 48 0 21 17 30 22 19 49 45 47 7 40 18 15 2 20 29 16 44 36 39 37 23 4 5 24 11 26 12 13 10 32 50 27 25 46 1 6 41 	0.24
