SGA	1	0.5	20	19.36914200600076	0.949
SGA	1	0.5	20	10.25243754111157	0.956
SGA	1	0.5	20	19.042966527889245	0.849
SGA	1	0.5	20	15.23750699584943	0.865
SGA	1	0.5	20	15.120690941229856	0.665
SGA	1	0.5	20	13.954947789770092	0.675
SGA	1	0.5	20	16.012164408713915	0.667
SGA	1	0.5	20	16.241061069942003	0.668
SGA	1	0.5	20	17.780999871162667	0.65
SGA	1	0.5	20	20.458278514008956	0.652
SGA	1	0.5	20	19.949051686350362	0.658
SGA	1	0.5	20	10.050635049522375	0.663
SGA	1	0.5	20	20.860016471484045	0.64
SGA	1	0.5	20	18.043506410933304	0.648
SGA	1	0.5	20	18.41783328247656	0.833
SGA	1	0.5	20	17.56011198038618	0.844
SGA	1	0.5	20	17.633235606756088	0.757
SGA	1	0.5	20	17.642410499594412	0.761
SGA	1	0.5	20	17.353293019191725	0.82
SGA	1	0.5	20	15.953566357279284	0.825
SGA	1	0.5	20	18.968477723196425	0.66
SGA	1	0.5	20	16.599682831176956	0.666
SGA	1	0.5	20	16.12621133238878	0.645
SGA	1	0.5	20	13.905256153955307	0.646
SGA	1	0.5	20	14.652584578302106	0.718
SGA	1	0.5	20	17.505721143354798	0.721
SGA	1	0.5	20	15.458138869048488	0.69
SGA	1	0.5	20	18.57000181584661	0.713
SGA	1	0.5	20	20.64186342563028	0.687
SGA	1	0.5	20	12.198389319426077	0.7
SGA	1	0.5	40	57.82249164930455	1.272
SGA	1	0.5	40	46.74207442129186	1.274
SGA	1	0.5	40	53.17248480551376	1.185
SGA	1	0.5	40	42.07820272250874	1.196
SGA	1	0.5	40	51.73191177405256	1.214
SGA	1	0.5	40	50.572663699358436	1.268
SGA	1	0.5	40	40.7302558281482	1.268
SGA	1	0.5	40	42.61456066835878	1.303
SGA	1	0.5	40	43.964105914438356	1.21
SGA	1	0.5	40	48.91340732144119	1.244
SGA	1	0.5	40	44.26008101227213	1.215
SGA	1	0.5	40	52.27889493770379	1.27
SGA	1	0.5	40	46.642739102018986	1.195
SGA	1	0.5	40	31.11200994091477	1.197
SGA	1	0.5	40	43.52015796240691	1.229
SGA	1	0.5	40	57.68978827634458	1.253
SGA	1	0.5	40	48.46633248460529	1.442
SGA	1	0.5	40	50.923794994400005	1.463
SGA	1	0.5	40	46.74886035078695	1.236
SGA	1	0.5	40	38.290589771658524	1.258
SGA	1	0.5	40	45.62659827585192	1.435
SGA	1	0.5	40	40.747525031637345	1.486
SGA	1	0.5	40	56.99996372919857	1.471
SGA	1	0.5	40	49.99826864386453	1.511
SGA	1	0.5	40	56.68305221081894	1.401
SGA	1	0.5	40	58.22968973320002	1.424
SGA	1	0.5	40	39.13651964847176	1.141
SGA	1	0.5	40	45.339867130560286	1.185
SGA	1	0.5	40	45.78775729263445	1.331
SGA	1	0.5	40	42.51765484696756	1.391
SGA	1	0.5	60	42.428581004341346	1.932
SGA	1	0.5	60	36.38722431847557	1.965
SGA	1	0.5	60	46.08843993787502	1.835
SGA	1	0.5	60	51.676468826060294	1.879
SGA	1	0.5	60	43.8564267793752	1.738
SGA	1	0.5	60	41.444257915198804	1.876
SGA	1	0.5	60	39.158237903664066	1.81
SGA	1	0.5	60	52.070850344890474	1.838
SGA	1	0.5	60	46.23524269146736	1.809
SGA	1	0.5	60	47.89948861997011	1.81
SGA	1	0.5	60	46.14220931490771	1.746
SGA	1	0.5	60	48.62634187084443	1.766
SGA	1	0.5	60	49.37642365051139	1.795
SGA	1	0.5	60	50.5842341752689	1.824
SGA	1	0.5	60	44.077056205059726	1.744
SGA	1	0.5	60	44.81748880506731	1.753
SGA	1	0.5	60	46.68280100048075	2.154
SGA	1	0.5	60	40.80674821790697	2.2
SGA	1	0.5	60	41.32256311624361	1.661
SGA	1	0.5	60	46.26572116312272	1.701
SGA	1	0.5	60	43.46223102623774	1.882
SGA	1	0.5	60	49.51197467326438	1.928
SGA	1	0.5	60	44.13219535750243	1.943
SGA	1	0.5	60	37.84585468559051	2.017
SGA	1	0.5	60	43.344735483157216	1.742
SGA	1	0.5	60	42.30563434572973	1.792
SGA	1	0.5	60	38.63742687990464	1.815
SGA	1	0.5	60	47.24784858844255	1.864
SGA	1	0.5	60	51.29411565393075	1.766
SGA	1	0.5	60	50.81502431711037	1.809
SGA	1	0.5	80	249.49700359028114	2.327
SGA	1	0.5	80	256.61208401088294	2.427
SGA	1	0.5	80	244.90847458641895	2.22
SGA	1	0.5	80	278.84913856942046	2.312
SGA	1	0.5	80	257.4158247978466	2.225
SGA	1	0.5	80	209.8073589929252	2.262
SGA	1	0.5	80	260.7822139139954	2.294
SGA	1	0.5	80	257.62030797481515	2.302
SGA	1	0.5	80	277.80692859920737	2.423
SGA	1	0.5	80	294.1148992770862	2.456
SGA	1	0.5	80	290.83361627358	2.408
SGA	1	0.5	80	291.44150709043305	2.459
SGA	1	0.5	80	432.556496442734	2.406
SGA	1	0.5	80	305.67948394847525	2.493
SGA	1	0.5	80	304.8847100467804	2.349
SGA	1	0.5	80	293.7798720378286	2.469
SGA	1	0.5	80	295.5557870776731	2.183
SGA	1	0.5	80	267.71775292376435	2.294
SGA	1	0.5	80	268.64583209418515	2.468
SGA	1	0.5	80	345.41136955778353	2.55
SGA	1	0.5	80	305.52719886528195	2.176
SGA	1	0.5	80	315.39729070405957	2.19
SGA	1	0.5	80	287.3178786914199	2.44
SGA	1	0.5	80	260.34601501132187	2.511
SGA	1	0.5	80	256.9307726168815	2.307
SGA	1	0.5	80	181.7688365720286	2.452
SGA	1	0.5	80	297.53059662897925	2.471
SGA	1	0.5	80	294.5905646513215	2.482
SGA	1	0.5	80	237.13258117941854	2.159
SGA	1	0.5	80	269.90249519328665	2.202
SGA	1	0.5	20	22.397804942350792	1.057
SGA	1	0.5	20	13.909638249676682	1.096
SGA	1	0.5	20	15.442341786375922	1.022
SGA	1	0.5	20	15.19018957149938	1.028
SGA	1	0.5	20	16.201336184093957	0.679
SGA	1	0.5	20	22.37669195506342	0.679
SGA	1	0.5	20	22.62901741660084	0.694
SGA	1	0.5	20	17.85072036023194	0.712
SGA	1	0.5	20	15.524360378098134	0.659
SGA	1	0.5	20	19.434919873957508	0.659
SGA	1	0.5	20	18.26719255118231	0.639
SGA	1	0.5	20	17.80726328354408	0.663
SGA	1	0.5	20	16.404553896035594	0.669
SGA	1	0.5	20	18.937469074088302	0.672
SGA	1	0.5	20	16.252188619630033	0.693
SGA	1	0.5	20	16.654553788635447	0.698
SGA	1	0.5	20	17.43890569371548	0.647
SGA	1	0.5	20	12.447644740131954	0.65
SGA	1	0.5	20	15.808117610259027	0.709
SGA	1	0.5	20	17.858735503866654	0.716
SGA	1	0.5	20	10.751295969791146	0.65
SGA	1	0.5	20	13.970769318973195	0.657
SGA	1	0.5	20	17.750243201305466	0.645
SGA	1	0.5	20	18.97373852388308	0.658
SGA	1	0.5	20	22.925107041379135	0.656
SGA	1	0.5	20	17.986319193085603	0.662
SGA	1	0.5	20	19.530492251231333	0.654
SGA	1	0.5	20	12.209033176027196	0.658
SGA	1	0.5	20	17.488207920412393	0.65
SGA	1	0.5	20	13.544558609126605	0.651
SGA	1	0.5	40	36.857373237409874	1.277
SGA	1	0.5	40	60.425459944741725	1.29
SGA	1	0.5	40	48.54302226032301	1.719
SGA	1	0.5	40	49.49844449231055	1.777
SGA	1	0.5	40	37.49487135364523	1.252
SGA	1	0.5	40	43.19728695352759	1.259
SGA	1	0.5	40	40.972998952308956	1.538
SGA	1	0.5	40	41.46077226498993	1.549
SGA	1	0.5	40	48.57784097582963	1.985
SGA	1	0.5	40	48.11342199297144	1.988
SGA	1	0.5	40	51.70192467451626	1.303
SGA	1	0.5	40	42.78781660651483	1.316
SGA	1	0.5	40	43.73777476669849	1.69
SGA	1	0.5	40	48.97997257141332	1.707
SGA	1	0.5	40	47.31539461626769	2.175
SGA	1	0.5	40	54.08935891072299	2.243
SGA	1	0.5	40	41.23084003479626	1.414
SGA	1	0.5	40	41.73780125089922	1.45
SGA	1	0.5	40	62.63754101088852	1.259
SGA	1	0.5	40	45.72339909065822	1.321
SGA	1	0.5	40	44.91428115949972	1.463
SGA	1	0.5	40	57.78827961806235	1.533
SGA	1	0.5	40	50.778248903960986	1.365
SGA	1	0.5	40	57.53360339112612	1.438
SGA	1	0.5	40	68.89636690504271	1.297
SGA	1	0.5	40	50.5838938586521	1.301
SGA	1	0.5	40	55.00955323474659	1.229
SGA	1	0.5	40	54.77532630717599	1.236
SGA	1	0.5	40	48.5162618031755	1.222
SGA	1	0.5	40	54.355408076789594	1.238
SGA	1	0.5	60	52.18338335671272	1.708
SGA	1	0.5	60	44.38684333564574	1.717
SGA	1	0.5	60	42.325644306671954	1.76
SGA	1	0.5	60	49.745145470189485	1.802
SGA	1	0.5	60	44.40926915575277	1.708
SGA	1	0.5	60	51.89982947582368	1.798
SGA	1	0.5	60	41.57223505120551	1.9
SGA	1	0.5	60	50.21479780580444	1.978
SGA	1	0.5	60	49.57876124568022	1.952
SGA	1	0.5	60	42.69645662989724	1.982
SGA	1	0.5	60	44.279030641769864	1.638
SGA	1	0.5	60	47.08793881174871	1.654
SGA	1	0.5	60	42.73653306452558	1.866
SGA	1	0.5	60	47.65364374068168	1.869
SGA	1	0.5	60	46.815653139436094	1.871
SGA	1	0.5	60	47.089340791083686	1.888
SGA	1	0.5	60	45.169771811873765	1.874
SGA	1	0.5	60	45.13651142128923	1.96
SGA	1	0.5	60	41.75324955675612	2.117
SGA	1	0.5	60	41.92923620477412	2.22
SGA	1	0.5	60	43.77254911653576	1.832
SGA	1	0.5	60	51.626736116529074	1.847
SGA	1	0.5	60	51.50472235717365	1.759
SGA	1	0.5	60	46.149412440049936	1.809
SGA	1	0.5	60	44.97275961050878	1.695
SGA	1	0.5	60	45.24836468136503	1.735
SGA	1	0.5	60	45.576140878021825	1.765
SGA	1	0.5	60	52.98368508131649	1.782
SGA	1	0.5	60	49.66231195824701	1.7
SGA	1	0.5	60	39.61769306805231	1.719
SGA	1	0.5	80	174.75610554170905	2.216
SGA	1	0.5	80	287.7612276432295	2.225
SGA	1	0.5	80	303.4760290590989	2.078
SGA	1	0.5	80	327.8286166847602	2.081
SGA	1	0.5	80	312.0333390970823	2.099
SGA	1	0.5	80	295.4897158362868	2.151
SGA	1	0.5	80	248.14151459374511	2.167
SGA	1	0.5	80	277.5596564067418	2.226
SGA	1	0.5	80	236.30361626468454	2.245
SGA	1	0.5	80	302.9358975256365	2.282
SGA	1	0.5	80	255.349073651925	2.139
SGA	1	0.5	80	261.5965060979035	2.143
SGA	1	0.5	80	326.9332571769137	2.183
SGA	1	0.5	80	228.40195053719663	2.19
SGA	1	0.5	80	323.6044826449356	2.162
SGA	1	0.5	80	245.2710337991491	2.255
SGA	1	0.5	80	297.5308762990759	2.155
SGA	1	0.5	80	309.10151722794905	2.186
SGA	1	0.5	80	301.83292820869355	2.09
SGA	1	0.5	80	275.82791268781517	2.16
SGA	1	0.5	80	338.44418395229275	2.183
SGA	1	0.5	80	312.00509828733175	2.217
SGA	1	0.5	80	248.88685189543543	2.05
SGA	1	0.5	80	288.8250442791919	2.085
SGA	1	0.5	80	222.80429128863318	2.143
SGA	1	0.5	80	286.36512143973823	2.17
SGA	1	0.5	80	314.2543271573531	2.177
SGA	1	0.5	80	236.3225518690721	2.218
SGA	1	0.5	80	331.6630039149824	2.139
SGA	1	0.5	80	221.94175141878233	2.182
